9.666666666666666741e-01
1.000000000000000000e+00
3.703703703703703498e-02
1.111111111111111049e-01
2.173913043478260809e-02
1.000000000000000000e+00
8.333333333333332871e-02
4.166666666666666435e-02
4.545454545454545581e-02
8.602150537634409289e-02
1.505376344086021556e-01
2.150537634408602322e-02
3.225806451612903136e-02
4.301075268817204644e-02
4.301075268817204644e-02
5.376344086021505458e-02
4.301075268817204644e-02
4.301075268817204644e-02
3.225806451612903136e-02
4.301075268817204644e-02
3.225806451612903136e-02
4.301075268817204644e-02
3.225806451612903136e-02
4.301075268817204644e-02
4.301075268817204644e-02
5.376344086021505458e-02
5.376344086021505458e-02
3.225806451612903136e-02
7.857142857142856984e-02
6.349206349206349201e-03
9.523809523809524669e-03
9.523809523809524669e-03
1.851851851851851749e-02
3.703703703703703498e-02
3.333333333333333148e-01
6.451612903225806273e-02
3.165584415584415251e-02
1.623376623376623484e-03
1.000000000000000056e-01
1.000000000000000000e+00
1.818181818181818232e-01
5.000000000000000278e-02
6.666666666666666574e-02
6.666666666666666574e-02
8.333333333333332871e-02
6.666666666666666574e-02
6.666666666666666574e-02
5.000000000000000278e-02
5.000000000000000278e-02
5.000000000000000278e-02
5.000000000000000278e-02
5.000000000000000278e-02
5.000000000000000278e-02
6.666666666666666574e-02
6.666666666666666574e-02
8.333333333333332871e-02
5.000000000000000278e-02
9.784946236559139976e-01
3.917050691244239324e-02
3.745318352059925134e-03
3.745318352059925134e-03
3.745318352059925134e-03
5.617977528089887485e-03
1.123595505617977497e-02
5.617977528089887485e-03
3.745318352059925134e-03
1.435406698564593297e-01
1.435406698564593297e-01
1.000000000000000000e+00
6.329113924050633333e-02
1.000000000000000000e+00
1.494768310911808720e-03
1.494768310911808720e-03
2.989536621823617440e-03
1.265822784810126563e-02
9.493670886075949653e-03
9.493670886075949653e-03
1.265822784810126563e-02
9.493670886075949653e-03
9.493670886075949653e-03
1.265822784810126563e-02
9.493670886075949653e-03
9.493670886075949653e-03
1.265822784810126563e-02
9.493670886075949653e-03
9.493670886075949653e-03
1.265822784810126563e-02
9.493670886075949653e-03
9.493670886075949653e-03
1.265822784810126563e-02
9.493670886075949653e-03
9.493670886075949653e-03
2.631578947368420907e-02
5.263157894736841813e-02
1.000000000000000000e+00
1.612903225806451568e-01
1.290322580645161255e-01
1.290322580645161255e-01
1.290322580645161255e-01
1.290322580645161255e-01
1.612903225806451568e-01
1.612903225806451568e-01
1.290322580645161255e-01
1.612903225806451568e-01
9.677419354838709409e-02
1.612903225806451568e-01
1.612903225806451568e-01
1.290322580645161255e-01
9.677419354838709409e-02
9.677419354838709409e-02
1.935483870967741882e-01
1.612903225806451568e-01
9.677419354838709409e-02
1.290322580645161255e-01
9.677419354838709409e-02
1.612903225806451568e-01
1.612903225806451568e-01
9.677419354838709409e-02
9.677419354838709409e-02
1.290322580645161255e-01
9.677419354838709409e-02
9.677419354838709409e-02
6.451612903225806273e-02
1.000000000000000000e+00
6.190476190476190688e-01
1.000000000000000000e+00
1.470588235294117627e-02
1.470588235294117627e-02
1.730103806228373755e-03
1.730103806228373755e-03
1.459854014598540098e-02
2.919708029197080196e-02
1.459854014598540098e-02
1.459854014598540098e-02
1.000000000000000000e+00
