3.333333333333333287e-02
1.666666666666666574e-01
1.521739130434782705e-01
9.782608695652174335e-02
2.173913043478260809e-02
1.086956521739130405e-02
2.333333333333333370e-01
4.545454545454545581e-02
4.545454545454545303e-01
4.545454545454545303e-01
6.451612903225806273e-02
6.451612903225806273e-02
6.451612903225806273e-02
1.075268817204301161e-02
2.150537634408602322e-02
1.182795698924731242e-01
8.019480519480519654e-01
8.019480519480519654e-01
6.590909090909090606e-01
6.590909090909090606e-01
2.258064516129032195e-01
1.935483870967741882e-01
6.451612903225806273e-02
6.451612903225806273e-02
6.451612903225806273e-02
5.000000000000000278e-02
2.500000000000000139e-02
4.032258064516128782e-01
4.032258064516128782e-01
4.016897081413210446e-01
4.516129032258064391e-01
4.070660522273425452e-01
4.070660522273425452e-01
4.070660522273425452e-01
4.070660522273425452e-01
4.907834101382488323e-01
4.907834101382488323e-01
7.680491551459293388e-03
8.448540706605223161e-03
3.840245775729646694e-03
1.804915514592933812e-01
1.551459293394777395e-01
2.304147465437788016e-03
2.457757296466973884e-02
2.304147465437788103e-02
1.536098310291858678e-02
5.837173579109063148e-02
2.465437788018433052e-01
3.824884792626728203e-01
2.104454685099846345e-01
3.686635944700460826e-02
1.390168970814132099e-01
2.457757296466973884e-02
2.304147465437788103e-02
1.536098310291858678e-03
1.705069124423963245e-01
2.995391705069124291e-02
7.526881720430107781e-02
1.320132013201320148e-02
6.600660066006600740e-03
1.507537688442210991e-02
1.320132013201320148e-02
6.600660066006600740e-03
6.329113924050632813e-03
6.329113924050632813e-03
5.063291139240506250e-02
6.329113924050632813e-03
6.329113924050632813e-03
6.329113924050632813e-03
2.215189873417721528e-02
7.278481012658227778e-02
6.329113924050632813e-03
6.329113924050632813e-03
5.063291139240506250e-02
6.329113924050632813e-03
6.329113924050632813e-03
6.329113924050632813e-03
2.215189873417721528e-02
7.278481012658227778e-02
6.329113924050632813e-03
6.329113924050632813e-03
5.063291139240506250e-02
6.329113924050632813e-03
6.329113924050632813e-03
6.329113924050632813e-03
2.215189873417721528e-02
7.278481012658227778e-02
6.329113924050632813e-03
6.329113924050632813e-03
5.063291139240506250e-02
6.329113924050632813e-03
6.329113924050632813e-03
6.329113924050632813e-03
2.215189873417721528e-02
7.278481012658227778e-02
6.329113924050632813e-03
6.329113924050632813e-03
5.063291139240506250e-02
6.329113924050632813e-03
6.329113924050632813e-03
6.329113924050632813e-03
2.215189873417721528e-02
7.278481012658227778e-02
6.329113924050632813e-03
6.329113924050632813e-03
5.063291139240506250e-02
6.329113924050632813e-03
6.329113924050632813e-03
6.329113924050632813e-03
2.215189873417721528e-02
7.278481012658227778e-02
1.342710997442455312e-01
1.342710997442455312e-01
2.020460358056266059e-01
1.253196930946291476e-01
9.335038363171355158e-02
3.225806451612903136e-02
3.225806451612903136e-02
6.451612903225806273e-02
3.225806451612903136e-02
6.451612903225806273e-02
7.741935483870967527e-01
6.451612903225806273e-02
2.631578947368420907e-02
